# ./logs/20071019-170326
# Species:           Unsorted
# Fitness assessor:  Unsorted
# Mating style:      One-point Crossover
# Mutator:           Random Swap
# Selector:          Tournament (k=4, p=0.8)

0.5
0.5
0.6
0.8
0.8
0.8
0.8
0.8
0.8
0.8
0.8
0.8
0.8
0.8
0.8
0.8
0.8
0.8
0.8
0.8
0.8
0.8
0.8
0.8
0.8
0.8
0.8
0.8
0.8
0.8
0.8
0.8
0.8
0.8
0.8
0.8
0.8
0.8
0.8
0.8
0.8
0.8
0.8
0.8
0.8
0.8
0.8
0.8
0.8
0.8


0
0.1
0.1
0.1
0.1
0.2
0.2
0.2
0.2
0.3
0.3
0.3
0.3
0.3
0.4
0.4
0.4
0.5
0.5
0.5
0.6
0.7
0.8
0.8
0.8
0.8
0.8
0.8
0.8
0.8
0.8
0.8
0.8
0.8
0.8
0.8
0.8
0.8
0.8
0.8
0.8
0.8
0.8
0.8
0.8
0.8
0.8
0.8
0.8
0.8


0.1269999999999999
0.2360000000000003
0.2520000000000002
0.2810000000000001
0.3080000000000001
0.3660000000000004
0.4339999999999997
0.4659999999999996
0.5129999999999995
0.5559999999999995
0.5959999999999998
0.6159999999999998
0.6309999999999998
0.6459999999999998
0.655
0.6870000000000005
0.711
0.7329999999999991
0.7539999999999983
0.7599999999999983
0.7799999999999983
0.7979999999999986
0.7999999999999985
0.7999999999999985
0.7999999999999985
0.7999999999999985
0.7999999999999985
0.7999999999999985
0.7999999999999985
0.7999999999999985
0.7999999999999985
0.7999999999999985
0.7999999999999985
0.7999999999999985
0.7999999999999985
0.7999999999999985
0.7999999999999985
0.7999999999999985
0.7999999999999985
0.7999999999999985
0.7999999999999985
0.7999999999999985
0.7999999999999985
0.7999999999999985
0.7999999999999985
0.7999999999999985
0.7999999999999985
0.7999999999999985
0.7999999999999985
0.7999999999999985


# Model specimen:
# 0 0 2 1 0 0 0 3 0 3 
